# Made in Blockbench 4.12.6
mtllib snapper.mtl

o Bodyl1
v 0.1874375 1.0733208808150108 0.4507249866196836
v 0.1874375 1.2168271679519194 0.10427016192795108
v 0.1874375 0.40928246682252334 0.17567126960727528
v 0.1874375 0.552788753959432 -0.17078355508445722
v -0.1874375 1.2168271679519194 0.10427016192795108
v -0.1874375 1.0733208808150108 0.4507249866196836
v -0.1874375 0.552788753959432 -0.17078355508445722
v -0.1874375 0.40928246682252334 0.17567126960727528
vt 0.640625 0.8359375
vt 0.6796875 0.8359375
vt 0.6796875 0.75
vt 0.640625 0.75
vt 0.59375 0.8359375
vt 0.640625 0.8359375
vt 0.640625 0.75
vt 0.59375 0.75
vt 0.7265625 0.8359375
vt 0.765625 0.8359375
vt 0.765625 0.75
vt 0.7265625 0.75
vt 0.6796875 0.8359375
vt 0.7265625 0.8359375
vt 0.7265625 0.75
vt 0.6796875 0.75
vt 0.6796875 0.8359375
vt 0.640625 0.8359375
vt 0.640625 0.8828125
vt 0.6796875 0.8828125
vt 0.71875 0.8828125
vt 0.6796875 0.8828125
vt 0.6796875 0.8359375
vt 0.71875 0.8359375
vn 0 0.3826834323650897 -0.9238795325112867
vn 1 0 0
vn 0 -0.3826834323650897 0.9238795325112867
vn -1 0 0
vn 0 0.9238795325112867 0.3826834323650897
vn 0 -0.9238795325112867 -0.3826834323650897
usemtl m_28b5e50d-9d81-b5ce-fe6f-601ace48ad38
f 4/4/1 7/3/1 5/2/1 2/1/1
f 3/8/2 4/7/2 2/6/2 1/5/2
f 8/12/3 3/11/3 1/10/3 6/9/3
f 7/16/4 8/15/4 6/14/4 5/13/4
f 6/20/5 1/19/5 2/18/5 5/17/5
f 7/24/6 4/23/6 3/22/6 8/21/6
o Bodyl2
v -0.19960166677737584 0.9097338422682064 0.18001645820637013
v -0.19960166677737584 0.9097338422682064 0.18001645820637013
v 0.11708123172966924 0.5904422135392335 0.04776155237382171
v 0.11708123172966924 0.5904422135392335 0.04776155237382171
v -0.4299086817715186 0.7147606290882813 0.09925591331108644
v -0.4299086817715186 0.7147606290882813 0.09925591331108644
v -0.11322578326447351 0.3954690003593083 -0.03299899252146199
v -0.11322578326447351 0.3954690003593083 -0.03299899252146199
vt 0.21875 0.359375
vt 0.25 0.359375
vt 0.25 0.3046875
vt 0.21875 0.3046875
vt 0.21875 0.359375
vt 0.21875 0.359375
vt 0.21875 0.3046875
vt 0.21875 0.3046875
vt 0.25 0.359375
vt 0.28125 0.359375
vt 0.28125 0.3046875
vt 0.25 0.3046875
vt 0.25 0.359375
vt 0.25 0.359375
vt 0.25 0.3046875
vt 0.25 0.3046875
vt 0.25 0.359375
vt 0.21875 0.359375
vt 0.21875 0.359375
vt 0.25 0.359375
vt 0.28125 0.359375
vt 0.25 0.359375
vt 0.25 0.359375
vt 0.28125 0.359375
vn 1.34380302163617e-8 0.38268340141140594 -0.9238795453327218
vn 0.7372773589248268 0.6241639477548626 0.25853715852831916
vn -1.34380302163617e-8 -0.38268340141140594 0.9238795453327218
vn -0.7372773589248268 -0.6241639477548626 -0.25853715852831916
vn -0.6755901834816963 0.6811554746218089 0.28214379910943677
vn 0.6755901834816963 -0.6811554746218089 -0.28214379910943677
usemtl m_28b5e50d-9d81-b5ce-fe6f-601ace48ad38
f 12/28/7 15/27/7 13/26/7 10/25/7
f 11/32/8 12/31/8 10/30/8 9/29/8
f 16/36/9 11/35/9 9/34/9 14/33/9
f 15/40/10 16/39/10 14/38/10 13/37/10
f 14/44/11 9/43/11 10/42/11 13/41/11
f 15/48/12 12/47/12 11/46/12 16/45/12
o Bodyl3
v -0.3135072101087832 0.7493970279286901 0.2970703480589285
v -0.3135072101087832 0.7493970279286901 0.2970703480589285
v 0.003175669072383829 0.4301053912343281 0.16481541518093762
v 0.003175669072383829 0.4301053912343281 0.16481541518093762
v -0.3435683069300367 0.8424659756470595 0.00040110116350352415
v -0.3435683069300367 0.8424659756470595 0.00040110116350352415
v -0.026885427748869664 0.5231743389526975 -0.13185383171448742
v -0.026885427748869664 0.5231743389526975 -0.13185383171448742
vt 0.21875 0.359375
vt 0.25 0.359375
vt 0.25 0.3046875
vt 0.21875 0.3046875
vt 0.21875 0.359375
vt 0.21875 0.359375
vt 0.21875 0.3046875
vt 0.21875 0.3046875
vt 0.25 0.359375
vt 0.28125 0.359375
vt 0.28125 0.3046875
vt 0.25 0.3046875
vt 0.25 0.359375
vt 0.25 0.359375
vt 0.25 0.3046875
vt 0.25 0.3046875
vt 0.25 0.359375
vt 0.21875 0.359375
vt 0.21875 0.359375
vt 0.25 0.359375
vt 0.28125 0.359375
vt 0.25 0.359375
vt 0.25 0.359375
vt 0.28125 0.359375
vn 0.7309698873923012 0.6687743017501254 0.13573487777398496
vn 0.09623400342938299 -0.29793980862223085 0.9497214786568229
vn -0.7309698873923012 -0.6687743017501254 -0.13573487777398496
vn -0.09623400342938299 0.29793980862223085 -0.9497214786568229
vn -0.6755901422531563 0.6811554916146392 0.2821438568063807
vn 0.6755901422531563 -0.6811554916146392 -0.2821438568063807
usemtl m_28b5e50d-9d81-b5ce-fe6f-601ace48ad38
f 20/52/13 23/51/13 21/50/13 18/49/13
f 19/56/14 20/55/14 18/54/14 17/53/14
f 24/60/15 19/59/15 17/58/15 22/57/15
f 23/64/16 24/63/16 22/62/16 21/61/16
f 22/68/17 17/67/17 18/66/17 21/65/17
f 23/72/18 20/71/18 19/70/18 24/69/18
o Bodyl2
v 0.15475 1.3475892060328756 0.7144394501536718
v 0.15475 1.5685600751536717 0.4934685810328757
v 0.15475 0.9763581459099382 0.3432083900307344
v 0.15475 1.1973290150307343 0.12223752090993834
v -0.156125 1.5685600751536717 0.4934685810328757
v -0.156125 1.3475892060328756 0.7144394501536718
v -0.156125 1.1973290150307343 0.12223752090993834
v -0.156125 0.9763581459099382 0.3432083900307344
vt 0.6328125 0.7109375
vt 0.6640625 0.7109375
vt 0.6640625 0.6484375
vt 0.6328125 0.6484375
vt 0.59375 0.7109375
vt 0.6328125 0.7109375
vt 0.6328125 0.6484375
vt 0.59375 0.6484375
vt 0.703125 0.7109375
vt 0.734375 0.7109375
vt 0.734375 0.6484375
vt 0.703125 0.6484375
vt 0.6640625 0.7109375
vt 0.703125 0.7109375
vt 0.703125 0.6484375
vt 0.6640625 0.6484375
vt 0.6640625 0.7109375
vt 0.6328125 0.7109375
vt 0.6328125 0.75
vt 0.6640625 0.75
vt 0.6953125 0.75
vt 0.6640625 0.75
vt 0.6640625 0.7109375
vt 0.6953125 0.7109375
vn 0 0.7071067811865476 -0.7071067811865475
vn 1 0 0
vn 0 -0.7071067811865476 0.7071067811865475
vn -1 0 0
vn 0 0.7071067811865475 0.7071067811865476
vn 0 -0.7071067811865475 -0.7071067811865476
usemtl m_28b5e50d-9d81-b5ce-fe6f-601ace48ad38
f 28/76/19 31/75/19 29/74/19 26/73/19
f 27/80/20 28/79/20 26/78/20 25/77/20
f 32/84/21 27/83/21 25/82/21 30/81/21
f 31/88/22 32/87/22 30/86/22 29/85/22
f 30/92/23 25/91/23 26/90/23 29/89/23
f 31/96/24 28/95/24 27/94/24 32/93/24
o Bodyl3
v 0.1374375 1.8268426693054436 0.8952326519028467
v 0.1374375 1.9320806132058432 0.641165780462243
v 0.1374375 1.3649029030498 0.7038909357203019
v 0.1374375 1.4701408469502 0.4498240642796981
v -0.1374375 1.9320806132058432 0.641165780462243
v -0.1374375 1.8268426693054436 0.8952326519028467
v -0.1374375 1.4701408469502 0.4498240642796981
v -0.1374375 1.3649029030498 0.7038909357203019
vt 0.625 0.6171875
vt 0.65625 0.6171875
vt 0.65625 0.5546875
vt 0.625 0.5546875
vt 0.59375 0.6171875
vt 0.625 0.6171875
vt 0.625 0.5546875
vt 0.59375 0.5546875
vt 0.6875 0.6171875
vt 0.71875 0.6171875
vt 0.71875 0.5546875
vt 0.6875 0.5546875
vt 0.65625 0.6171875
vt 0.6875 0.6171875
vt 0.6875 0.5546875
vt 0.65625 0.5546875
vt 0.65625 0.6171875
vt 0.625 0.6171875
vt 0.625 0.6484375
vt 0.65625 0.6484375
vt 0.6875 0.6484375
vt 0.65625 0.6484375
vt 0.65625 0.6171875
vt 0.6875 0.6171875
vn 0 0.3826834323650897 -0.9238795325112867
vn 1 0 0
vn 0 -0.3826834323650897 0.9238795325112867
vn -1 0 0
vn 0 0.9238795325112867 0.3826834323650897
vn 0 -0.9238795325112867 -0.3826834323650897
usemtl m_28b5e50d-9d81-b5ce-fe6f-601ace48ad38
f 36/100/25 39/99/25 37/98/25 34/97/25
f 35/104/26 36/103/26 34/102/26 33/101/26
f 40/108/27 35/107/27 33/106/27 38/105/27
f 39/112/28 40/111/28 38/110/28 37/109/28
f 38/116/29 33/115/29 34/114/29 37/113/29
f 39/120/30 36/119/30 35/118/30 40/117/30
o Bodyl4
v 0.0061875 1.9415257527097871 0.40891963946819493
v 0.0061875 1.835459735531805 0.3028536222902129
v 0.0061875 1.720554883588991 0.6298905085889911
v 0.0061875 1.614488866411009 0.523824491411009
v 0.0061875 1.835459735531805 0.3028536222902129
v 0.0061875 1.9415257527097871 0.40891963946819493
v 0.0061875 1.614488866411009 0.523824491411009
v 0.0061875 1.720554883588991 0.6298905085889911
vt 0.65625 0.3359375
vt 0.65625 0.3359375
vt 0.65625 0.296875
vt 0.65625 0.296875
vt 0.640625 0.3359375
vt 0.65625 0.3359375
vt 0.65625 0.296875
vt 0.640625 0.296875
vt 0.671875 0.3359375
vt 0.671875 0.3359375
vt 0.671875 0.296875
vt 0.671875 0.296875
vt 0.65625 0.3359375
vt 0.671875 0.3359375
vt 0.671875 0.296875
vt 0.65625 0.296875
vt 0.65625 0.3359375
vt 0.65625 0.3359375
vt 0.65625 0.3515625
vt 0.65625 0.3515625
vt 0.65625 0.3515625
vt 0.65625 0.3515625
vt 0.65625 0.3359375
vt 0.65625 0.3359375
vn 0 -0.7071067811865476 -0.7071067811865475
vn 1 0 0
vn 0 0.7071067811865476 0.7071067811865475
vn -1 0 0
vn 0 0.7071067811865475 -0.7071067811865476
vn 0 -0.7071067811865475 0.7071067811865476
usemtl m_28b5e50d-9d81-b5ce-fe6f-601ace48ad38
f 44/124/31 47/123/31 45/122/31 42/121/31
f 43/128/32 44/127/32 42/126/32 41/125/32
f 48/132/33 43/131/33 41/130/33 46/129/33
f 47/136/34 48/135/34 46/134/34 45/133/34
f 46/140/35 41/139/35 42/138/35 45/137/35
f 47/144/36 44/143/36 43/142/36 48/141/36
o Bodyl5
v -0.07499999999999998 1.892867967329388 0.36026185408779576
v 0.07499999999999993 1.892867967329388 0.36026185408779565
v -0.07499999999999996 1.671897098208592 0.5812327232085918
v 0.07499999999999996 1.671897098208592 0.5812327232085918
v 0.07499999999999993 1.892867967329388 0.36026185408779565
v -0.07499999999999998 1.892867967329388 0.36026185408779576
v 0.07499999999999996 1.671897098208592 0.5812327232085918
v -0.07499999999999996 1.671897098208592 0.5812327232085918
vt 0.65625 0.3359375
vt 0.65625 0.3359375
vt 0.65625 0.296875
vt 0.65625 0.296875
vt 0.640625 0.3359375
vt 0.65625 0.3359375
vt 0.65625 0.296875
vt 0.640625 0.296875
vt 0.671875 0.3359375
vt 0.671875 0.3359375
vt 0.671875 0.296875
vt 0.671875 0.296875
vt 0.65625 0.3359375
vt 0.671875 0.3359375
vt 0.671875 0.296875
vt 0.65625 0.296875
vt 0.65625 0.3359375
vt 0.65625 0.3359375
vt 0.65625 0.3515625
vt 0.65625 0.3515625
vt 0.65625 0.3515625
vt 0.65625 0.3515625
vt 0.65625 0.3359375
vt 0.65625 0.3359375
vn 1 -7.850462293418876e-17 -2.3551386880256634e-16
vn 2.355138688025663e-16 0.7071067811865475 0.7071067811865476
vn -1 7.850462293418876e-17 2.3551386880256634e-16
vn -2.355138688025663e-16 -0.7071067811865475 -0.7071067811865476
vn -2.355138688025663e-16 0.7071067811865476 -0.7071067811865476
vn 2.355138688025663e-16 -0.7071067811865476 0.7071067811865476
usemtl m_28b5e50d-9d81-b5ce-fe6f-601ace48ad38
f 52/148/37 55/147/37 53/146/37 50/145/37
f 51/152/38 52/151/38 50/150/38 49/149/38
f 56/156/39 51/155/39 49/154/39 54/153/39
f 55/160/40 56/159/40 54/158/40 53/157/40
f 54/164/41 49/163/41 50/162/41 53/161/41
f 55/168/42 52/167/42 51/166/42 56/165/42
o Bodyl4
v 0.131125 2.33162625 0.8899343750000002
v 0.131125 2.33162625 0.627434375
v 0.131125 1.8316262499999998 0.8899343750000002
v 0.131125 1.8316262499999998 0.627434375
v -0.131125 2.33162625 0.627434375
v -0.131125 2.33162625 0.8899343750000002
v -0.131125 1.8316262499999998 0.627434375
v -0.131125 1.8316262499999998 0.8899343750000002
vt 0.546875 0.3671875
vt 0.578125 0.3671875
vt 0.578125 0.3046875
vt 0.546875 0.3046875
vt 0.515625 0.3671875
vt 0.546875 0.3671875
vt 0.546875 0.3046875
vt 0.515625 0.3046875
vt 0.609375 0.3671875
vt 0.640625 0.3671875
vt 0.640625 0.3046875
vt 0.609375 0.3046875
vt 0.578125 0.3671875
vt 0.609375 0.3671875
vt 0.609375 0.3046875
vt 0.578125 0.3046875
vt 0.578125 0.3671875
vt 0.546875 0.3671875
vt 0.546875 0.3984375
vt 0.578125 0.3984375
vt 0.609375 0.3984375
vt 0.578125 0.3984375
vt 0.578125 0.3671875
vt 0.609375 0.3671875
vn 0 0 -1
vn 1 0 0
vn 0 0 1
vn -1 0 0
vn 0 1 0
vn 0 -1 0
usemtl m_28b5e50d-9d81-b5ce-fe6f-601ace48ad38
f 60/172/43 63/171/43 61/170/43 58/169/43
f 59/176/44 60/175/44 58/174/44 57/173/44
f 64/180/45 59/179/45 57/178/45 62/177/45
f 63/184/46 64/183/46 62/182/46 61/181/46
f 62/188/47 57/187/47 58/186/47 61/185/47
f 63/192/48 60/191/48 59/190/48 64/189/48
o Bodyl5
v 0.1249375 2.7935660540456366 0.6923424415639109
v 0.1249375 2.697895195954364 0.46137255843608915
v 0.1249375 2.331626287789993 0.8836841577464557
v 0.1249375 2.2359554296987207 0.6527142746186341
v -0.1249375 2.697895195954364 0.46137255843608915
v -0.1249375 2.7935660540456366 0.6923424415639109
v -0.1249375 2.2359554296987207 0.6527142746186341
v -0.1249375 2.331626287789993 0.8836841577464557
vt 0.4375 0.3515625
vt 0.4609375 0.3515625
vt 0.4609375 0.2890625
vt 0.4375 0.2890625
vt 0.40625 0.3515625
vt 0.4375 0.3515625
vt 0.4375 0.2890625
vt 0.40625 0.2890625
vt 0.4921875 0.3515625
vt 0.515625 0.3515625
vt 0.515625 0.2890625
vt 0.4921875 0.2890625
vt 0.4609375 0.3515625
vt 0.4921875 0.3515625
vt 0.4921875 0.2890625
vt 0.4609375 0.2890625
vt 0.4609375 0.3515625
vt 0.4375 0.3515625
vt 0.4375 0.3828125
vt 0.4609375 0.3828125
vt 0.484375 0.3828125
vt 0.4609375 0.3828125
vt 0.4609375 0.3515625
vt 0.484375 0.3515625
vn 0 -0.3826834323650897 -0.9238795325112867
vn 1 0 0
vn 0 0.3826834323650897 0.9238795325112867
vn -1 0 0
vn 0 0.9238795325112867 -0.3826834323650897
vn 0 -0.9238795325112867 0.3826834323650897
usemtl m_28b5e50d-9d81-b5ce-fe6f-601ace48ad38
f 68/196/49 71/195/49 69/194/49 66/193/49
f 67/200/50 68/199/50 66/198/50 65/197/50
f 72/204/51 67/203/51 65/202/51 70/201/51
f 71/208/52 72/207/52 70/206/52 69/205/52
f 70/212/53 65/211/53 66/210/53 69/209/53
f 71/216/54 68/215/54 67/214/54 72/213/54
o Bodyl6
v 0.0000625 2.870730625 0.8893575
v 0.0000625 2.870730625 0.7018575
v 0.0000625 2.308230625 0.8893575
v 0.0000625 2.308230625 0.7018575
v 0.0000625 2.870730625 0.7018575
v 0.0000625 2.870730625 0.8893575
v 0.0000625 2.308230625 0.7018575
v 0.0000625 2.308230625 0.8893575
vt 0.1484375 0.3359375
vt 0.1484375 0.3359375
vt 0.1484375 0.265625
vt 0.1484375 0.265625
vt 0.125 0.3359375
vt 0.1484375 0.3359375
vt 0.1484375 0.265625
vt 0.125 0.265625
vt 0.171875 0.3359375
vt 0.171875 0.3359375
vt 0.171875 0.265625
vt 0.171875 0.265625
vt 0.1484375 0.3359375
vt 0.171875 0.3359375
vt 0.171875 0.265625
vt 0.1484375 0.265625
vt 0.1484375 0.3359375
vt 0.1484375 0.3359375
vt 0.1484375 0.359375
vt 0.1484375 0.359375
vt 0.1484375 0.359375
vt 0.1484375 0.359375
vt 0.1484375 0.3359375
vt 0.1484375 0.3359375
vn 0 0 -1
vn 1 0 0
vn 0 0 1
vn -1 0 0
vn 0 1 0
vn 0 -1 0
usemtl m_28b5e50d-9d81-b5ce-fe6f-601ace48ad38
f 76/220/55 79/219/55 77/218/55 74/217/55
f 75/224/56 76/223/56 74/222/56 73/221/56
f 80/228/57 75/227/57 73/226/57 78/225/57
f 79/232/58 80/231/58 78/230/58 77/229/58
f 78/236/59 73/235/59 74/234/59 77/233/59
f 79/240/60 76/239/60 75/238/60 80/237/60
o Bodyl7
v -0.09375 2.870730625 0.79567
v 0.09375 2.870730625 0.79567
v -0.09375 2.308230625 0.79567
v 0.09375 2.308230625 0.79567
v 0.09375 2.870730625 0.79567
v -0.09375 2.870730625 0.79567
v 0.09375 2.308230625 0.79567
v -0.09375 2.308230625 0.79567
vt 0.1484375 0.3359375
vt 0.1484375 0.3359375
vt 0.1484375 0.265625
vt 0.1484375 0.265625
vt 0.125 0.3359375
vt 0.1484375 0.3359375
vt 0.1484375 0.265625
vt 0.125 0.265625
vt 0.171875 0.3359375
vt 0.171875 0.3359375
vt 0.171875 0.265625
vt 0.171875 0.265625
vt 0.1484375 0.3359375
vt 0.171875 0.3359375
vt 0.171875 0.265625
vt 0.1484375 0.265625
vt 0.1484375 0.3359375
vt 0.1484375 0.3359375
vt 0.1484375 0.359375
vt 0.1484375 0.359375
vt 0.1484375 0.359375
vt 0.1484375 0.359375
vt 0.1484375 0.3359375
vt 0.1484375 0.3359375
vn 1 0 -2.220446049250313e-16
vn 2.220446049250313e-16 0 1
vn -1 0 2.220446049250313e-16
vn -2.220446049250313e-16 0 -1
vn 0 1 0
vn 0 -1 0
usemtl m_28b5e50d-9d81-b5ce-fe6f-601ace48ad38
f 84/244/61 87/243/61 85/242/61 82/241/61
f 83/248/62 84/247/62 82/246/62 81/245/62
f 88/252/63 83/251/63 81/250/63 86/249/63
f 87/256/64 88/255/64 86/254/64 85/253/64
f 86/260/65 81/259/65 82/258/65 85/257/65
f 87/264/66 84/263/66 83/262/66 88/261/66
o Bodyl6
v 0.13600000000000004 3.1559578074131505 0.3476278074131503
v 0.13600000000000004 2.96150344258685 0.15317344258684973
v 0.13600000000000004 2.8024044168198765 0.7011811980064241
v 0.13600000000000004 2.607950051993576 0.5067268331801236
v -0.137375 2.96150344258685 0.15317344258684973
v -0.137375 3.1559578074131505 0.3476278074131503
v -0.137375 2.607950051993576 0.5067268331801236
v -0.137375 2.8024044168198765 0.7011811980064241
vt 0.3125 0.3515625
vt 0.34375 0.3515625
vt 0.34375 0.2890625
vt 0.3125 0.2890625
vt 0.28125 0.3515625
vt 0.3125 0.3515625
vt 0.3125 0.2890625
vt 0.28125 0.2890625
vt 0.375 0.3515625
vt 0.40625 0.3515625
vt 0.40625 0.2890625
vt 0.375 0.2890625
vt 0.34375 0.3515625
vt 0.375 0.3515625
vt 0.375 0.2890625
vt 0.34375 0.2890625
vt 0.34375 0.3515625
vt 0.3125 0.3515625
vt 0.3125 0.3828125
vt 0.34375 0.3828125
vt 0.375 0.3828125
vt 0.34375 0.3828125
vt 0.34375 0.3515625
vt 0.375 0.3515625
vn 0 -0.7071067811865476 -0.7071067811865475
vn 1 0 0
vn 0 0.7071067811865476 0.7071067811865475
vn -1 0 0
vn 0 0.7071067811865475 -0.7071067811865476
vn 0 -0.7071067811865475 0.7071067811865476
usemtl m_28b5e50d-9d81-b5ce-fe6f-601ace48ad38
f 92/268/67 95/267/67 93/266/67 90/265/67
f 91/272/68 92/271/68 90/270/68 89/269/68
f 96/276/69 91/275/69 89/274/69 94/273/69
f 95/280/70 96/279/70 94/278/70 93/277/70
f 94/284/71 89/283/71 90/282/71 93/281/71
f 95/288/72 92/287/72 91/286/72 96/285/72
o Body7
v 0.221875 0.54375 0.253125
v 0.221875 0.54375 -0.190625
v 0.221875 0 0.253125
v 0.221875 0 -0.190625
v -0.221875 0.54375 -0.190625
v -0.221875 0.54375 0.253125
v -0.221875 0 -0.190625
v -0.221875 0 0.253125
vt 0.6484375 0.9453125
vt 0.703125 0.9453125
vt 0.703125 0.8828125
vt 0.6484375 0.8828125
vt 0.59375 0.9453125
vt 0.6484375 0.9453125
vt 0.6484375 0.8828125
vt 0.59375 0.8828125
vt 0.7578125 0.9453125
vt 0.8125 0.9453125
vt 0.8125 0.8828125
vt 0.7578125 0.8828125
vt 0.703125 0.9453125
vt 0.7578125 0.9453125
vt 0.7578125 0.8828125
vt 0.703125 0.8828125
vt 0.703125 0.9453125
vt 0.6484375 0.9453125
vt 0.6484375 1
vt 0.703125 1
vt 0.7578125 1
vt 0.703125 1
vt 0.703125 0.9453125
vt 0.7578125 0.9453125
vn 0 0 -1
vn 1 0 0
vn 0 0 1
vn -1 0 0
vn 0 1 0
vn 0 -1 0
usemtl m_28b5e50d-9d81-b5ce-fe6f-601ace48ad38
f 100/292/73 103/291/73 101/290/73 98/289/73
f 99/296/74 100/295/74 98/294/74 97/293/74
f 104/300/75 99/299/75 97/298/75 102/297/75
f 103/304/76 104/303/76 102/302/76 101/301/76
f 102/308/77 97/307/77 98/306/77 101/305/77
f 103/312/78 100/311/78 99/310/78 104/309/78
o Head
v 0.16262499999999996 3.178369375 0.345039375
v 0.16262499999999996 3.178369375 0.15753937499999998
v 0.16262499999999996 2.7283693750000007 0.345039375
v 0.16262499999999996 2.7283693750000007 0.15753937499999998
v -0.162375 3.178369375 0.15753937499999998
v -0.162375 3.178369375 0.345039375
v -0.162375 2.7283693750000007 0.15753937499999998
v -0.162375 2.7283693750000007 0.345039375
vt 0.0234375 0.3359375
vt 0.0625 0.3359375
vt 0.0625 0.28125
vt 0.0234375 0.28125
vt 0 0.3359375
vt 0.0234375 0.3359375
vt 0.0234375 0.28125
vt 0 0.28125
vt 0.0859375 0.3359375
vt 0.125 0.3359375
vt 0.125 0.28125
vt 0.0859375 0.28125
vt 0.0625 0.3359375
vt 0.0859375 0.3359375
vt 0.0859375 0.28125
vt 0.0625 0.28125
vt 0.0625 0.3359375
vt 0.0234375 0.3359375
vt 0.0234375 0.359375
vt 0.0625 0.359375
vt 0.1015625 0.359375
vt 0.0625 0.359375
vt 0.0625 0.3359375
vt 0.1015625 0.3359375
vn 0 0 -1
vn 1 0 0
vn 0 0 1
vn -1 0 0
vn 0 1 0
vn 0 -1 0
usemtl m_28b5e50d-9d81-b5ce-fe6f-601ace48ad38
f 108/316/79 111/315/79 109/314/79 106/313/79
f 107/320/80 108/319/80 106/318/80 105/317/80
f 112/324/81 107/323/81 105/322/81 110/321/81
f 111/328/82 112/327/82 110/326/82 109/325/82
f 110/332/83 105/331/83 106/330/83 109/329/83
f 111/336/84 108/335/84 107/334/84 112/333/84
o Head
v 0.562625 3.584619375 0.182539375
v 0.562625 3.584619375 0.182539375
v 0.562625 2.334619375 0.182539375
v 0.562625 2.334619375 0.182539375
v -0.562375 3.584619375 0.182539375
v -0.562375 3.584619375 0.182539375
v -0.562375 2.334619375 0.182539375
v -0.562375 2.334619375 0.182539375
vt 0 0.515625
vt 0.140625 0.515625
vt 0.140625 0.359375
vt 0 0.359375
vt 0 0.515625
vt 0 0.515625
vt 0 0.359375
vt 0 0.359375
vt 0.140625 0.515625
vt 0.28125 0.515625
vt 0.28125 0.359375
vt 0.140625 0.359375
vt 0.140625 0.515625
vt 0.140625 0.515625
vt 0.140625 0.359375
vt 0.140625 0.359375
vt 0.140625 0.515625
vt 0 0.515625
vt 0 0.515625
vt 0.140625 0.515625
vt 0.28125 0.515625
vt 0.140625 0.515625
vt 0.140625 0.515625
vt 0.28125 0.515625
vn 0 0 -1
vn 1 0 0
vn 0 0 1
vn -1 0 0
vn 0 1 0
vn 0 -1 0
usemtl m_28b5e50d-9d81-b5ce-fe6f-601ace48ad38
f 116/340/85 119/339/85 117/338/85 114/337/85
f 115/344/86 116/343/86 114/342/86 113/341/86
f 120/348/87 115/347/87 113/346/87 118/345/87
f 119/352/88 120/351/88 118/350/88 117/349/88
f 118/356/89 113/355/89 114/354/89 117/353/89
f 119/360/90 116/359/90 115/358/90 120/357/90
o Head_leaves1
v 0.5313749999999999 3.462867266734023 -0.7560376790520584
v 0.5313749999999999 3.462867266734023 -0.7560376790520584
v 0.5313749999999999 3.340498961527725 0.17344187848588888
v 0.5313749999999999 3.340498961527725 0.17344187848588888
v -0.46862500000000007 3.462867266734023 -0.7560376790520584
v -0.46862500000000007 3.462867266734023 -0.7560376790520584
v -0.46862500000000007 3.340498961527725 0.17344187848588888
v -0.46862500000000007 3.340498961527725 0.17344187848588888
vt 0.515625 0.515625
vt 0.640625 0.515625
vt 0.640625 0.3984375
vt 0.515625 0.3984375
vt 0.515625 0.515625
vt 0.515625 0.515625
vt 0.515625 0.3984375
vt 0.515625 0.3984375
vt 0.640625 0.515625
vt 0.765625 0.515625
vt 0.765625 0.3984375
vt 0.640625 0.3984375
vt 0.640625 0.515625
vt 0.640625 0.515625
vt 0.640625 0.3984375
vt 0.640625 0.3984375
vt 0.640625 0.515625
vt 0.515625 0.515625
vt 0.515625 0.515625
vt 0.640625 0.515625
vt 0.765625 0.515625
vt 0.640625 0.515625
vt 0.640625 0.515625
vt 0.765625 0.515625
vn 0 -0.9914448613738105 -0.13052619222005135
vn 1 0 0
vn 0 0.9914448613738105 0.13052619222005135
vn -1 0 0
vn 0 0.13052619222005135 -0.9914448613738105
vn 0 -0.13052619222005135 0.9914448613738105
usemtl m_28b5e50d-9d81-b5ce-fe6f-601ace48ad38
f 124/364/91 127/363/91 125/362/91 122/361/91
f 123/368/92 124/367/92 122/366/92 121/365/92
f 128/372/93 123/371/93 121/370/93 126/369/93
f 127/376/94 128/375/94 126/374/94 125/373/94
f 126/380/95 121/379/95 122/378/95 125/377/95
f 127/384/96 124/383/96 123/382/96 128/381/96
o Head_leaves2
v -0.4686250000000014 2.396727662160394 -0.7524719038017336
v -0.4686250000000014 2.396727662160394 -0.7524719038017336
v -0.46862500000000007 2.543384973135611 0.17348591550620793
v -0.46862500000000007 2.543384973135611 0.17348591550620793
v 0.5313749999999987 2.396727662160393 -0.7524719038017348
v 0.5313749999999987 2.396727662160393 -0.7524719038017348
v 0.5313749999999999 2.54338497313561 0.1734859155062067
v 0.5313749999999999 2.54338497313561 0.1734859155062067
vt 0.640625 0.515625
vt 0.515625 0.515625
vt 0.515625 0.3984375
vt 0.640625 0.3984375
vt 0.640625 0.515625
vt 0.640625 0.515625
vt 0.640625 0.3984375
vt 0.640625 0.3984375
vt 0.765625 0.515625
vt 0.640625 0.515625
vt 0.640625 0.3984375
vt 0.765625 0.3984375
vt 0.515625 0.515625
vt 0.515625 0.515625
vt 0.515625 0.3984375
vt 0.515625 0.3984375
vt 0.515625 0.515625
vt 0.640625 0.515625
vt 0.640625 0.515625
vt 0.515625 0.515625
vt 0.640625 0.515625
vt 0.765625 0.515625
vt 0.765625 0.515625
vt 0.640625 0.515625
vn 8.039721421737941e-16 0.9876883405951377 -0.15643446504023162
vn -1 1.0106430996148604e-15 1.2415950907543463e-15
vn -8.039721421737941e-16 -0.9876883405951377 0.15643446504023162
vn 1 -1.0106430996148604e-15 -1.2415950907543463e-15
vn -1.3844084075130817e-15 -0.1564344650402314 -0.9876883405951377
vn 1.3844084075130817e-15 0.1564344650402314 0.9876883405951377
usemtl m_28b5e50d-9d81-b5ce-fe6f-601ace48ad38
f 132/388/97 135/387/97 133/386/97 130/385/97
f 131/392/98 132/391/98 130/390/98 129/389/98
f 136/396/99 131/395/99 129/394/99 134/393/99
f 135/400/100 136/399/100 134/398/100 133/397/100
f 134/404/101 129/403/101 130/402/101 133/401/101
f 135/408/102 132/407/102 131/406/102 136/405/102
o Head_leaves2
v 0.5136116871196705 3.47794125 -0.7590801241960238
v 0.5136116871196705 3.47794125 -0.7590801241960238
v 0.5136116871196705 2.41544125 -0.7590801241960238
v 0.5136116871196705 2.41544125 -0.7590801241960238
v 0.4563786813057421 3.47794125 0.1766712493244764
v 0.4563786813057421 3.47794125 0.1766712493244764
v 0.4563786813057421 2.41544125 0.1766712493244764
v 0.4563786813057421 2.41544125 0.1766712493244764
vt 0.28125 0.515625
vt 0.3984375 0.515625
vt 0.3984375 0.3828125
vt 0.28125 0.3828125
vt 0.28125 0.515625
vt 0.28125 0.515625
vt 0.28125 0.3828125
vt 0.28125 0.3828125
vt 0.3984375 0.515625
vt 0.515625 0.515625
vt 0.515625 0.3828125
vt 0.3984375 0.3828125
vt 0.3984375 0.515625
vt 0.3984375 0.515625
vt 0.3984375 0.3828125
vt 0.3984375 0.3828125
vt 0.3984375 0.515625
vt 0.28125 0.515625
vt 0.28125 0.515625
vt 0.3984375 0.515625
vt 0.515625 0.515625
vt 0.3984375 0.515625
vt 0.3984375 0.515625
vt 0.515625 0.515625
vn -0.9981347984218669 0 -0.061048539534857005
vn 0.061048539534857005 0 -0.9981347984218669
vn 0.9981347984218669 0 0.061048539534857005
vn -0.061048539534857005 0 0.9981347984218669
vn 0 1 0
vn 0 -1 0
usemtl m_28b5e50d-9d81-b5ce-fe6f-601ace48ad38
f 140/412/103 143/411/103 141/410/103 138/409/103
f 139/416/104 140/415/104 138/414/104 137/413/104
f 144/420/105 139/419/105 137/418/105 142/417/105
f 143/424/106 144/423/106 142/422/106 141/421/106
f 142/428/107 137/427/107 138/426/107 141/425/107
f 143/432/108 140/431/108 139/430/108 144/429/108
o Head_leaves3
v -0.4563786813057421 3.47794125 0.2079212493244764
v -0.4563786813057421 3.47794125 0.2079212493244764
v -0.4563786813057421 2.41544125 0.2079212493244764
v -0.4563786813057421 2.41544125 0.2079212493244764
v -0.5136116871196705 3.47794125 -0.7278301241960238
v -0.5136116871196705 3.47794125 -0.7278301241960238
v -0.5136116871196705 2.41544125 -0.7278301241960238
v -0.5136116871196705 2.41544125 -0.7278301241960238
vt 0.3984375 0.515625
vt 0.28125 0.515625
vt 0.28125 0.3828125
vt 0.3984375 0.3828125
vt 0.3984375 0.515625
vt 0.3984375 0.515625
vt 0.3984375 0.3828125
vt 0.3984375 0.3828125
vt 0.515625 0.515625
vt 0.3984375 0.515625
vt 0.3984375 0.3828125
vt 0.515625 0.3828125
vt 0.28125 0.515625
vt 0.28125 0.515625
vt 0.28125 0.3828125
vt 0.28125 0.3828125
vt 0.28125 0.515625
vt 0.3984375 0.515625
vt 0.3984375 0.515625
vt 0.28125 0.515625
vt 0.3984375 0.515625
vt 0.515625 0.515625
vt 0.515625 0.515625
vt 0.3984375 0.515625
vn 0.9981347984218669 0 -0.061048539534857005
vn 0.061048539534857005 0 0.9981347984218669
vn -0.9981347984218669 0 0.061048539534857005
vn -0.061048539534857005 0 -0.9981347984218669
vn 0 1 0
vn 0 -1 0
usemtl m_28b5e50d-9d81-b5ce-fe6f-601ace48ad38
f 148/436/109 151/435/109 149/434/109 146/433/109
f 147/440/110 148/439/110 146/438/110 145/437/110
f 152/444/111 147/443/111 145/442/111 150/441/111
f 151/448/112 152/447/112 150/446/112 149/445/112
f 150/452/113 145/451/113 146/450/113 149/449/113
f 151/456/114 148/455/114 147/454/114 152/453/114
o upper_mouth_1
v 0.416626619303512 3.3410675 0.1602431465215978
v 0.4428052289594373 3.3410675 -1.3395283962129891
v 0.416626619303512 2.8410675 0.1602431465215978
v 0.4428052289594373 2.8410675 -1.3395283962129891
v -0.4320615043024051 3.3410675 -1.3547992518456122
v -0.45824011395833036 3.3410675 0.1449722908889747
v -0.4320615043024051 2.8410675 -1.3547992518456122
v -0.45824011395833036 2.8410675 0.1449722908889747
vt 0.1875 0.8125
vt 0.296875 0.8125
vt 0.296875 0.75
vt 0.1875 0.75
vt 0 0.8125
vt 0.1875 0.8125
vt 0.1875 0.75
vt 0 0.75
vt 0.484375 0.8125
vt 0.59375 0.8125
vt 0.59375 0.75
vt 0.484375 0.75
vt 0.296875 0.8125
vt 0.484375 0.8125
vt 0.484375 0.75
vt 0.296875 0.75
vt 0.296875 0.8125
vt 0.1875 0.8125
vt 0.1875 1
vt 0.296875 1
vt 0.40625 1
vt 0.296875 1
vt 0.296875 0.8125
vt 0.40625 0.8125
vn 0.01745240643728351 0 -0.9998476951563913
vn 0.9998476951563913 0 0.01745240643728351
vn -0.01745240643728351 0 0.9998476951563913
vn -0.9998476951563913 0 -0.01745240643728351
vn 0 1 0
vn 0 -1 0
usemtl m_28b5e50d-9d81-b5ce-fe6f-601ace48ad38
f 156/460/115 159/459/115 157/458/115 154/457/115
f 155/464/116 156/463/116 154/462/116 153/461/116
f 160/468/117 155/467/117 153/466/117 158/465/117
f 159/472/118 160/471/118 158/470/118 157/469/118
f 158/476/119 153/475/119 154/474/119 157/473/119
f 159/480/120 156/479/120 155/478/120 160/477/120
o lower_mouth_1
v 0.4188083475211601 2.941269086994048 0.14641652190257978
v 0.44492320390810686 2.967459522696514 -1.3531274338898487
v 0.4192648708032383 2.5663264093717224 0.13987587331902687
v 0.4453797271901851 2.5925168450741882 -1.3596680824734015
v -0.42994352921046514 2.966660327050031 -1.3683773705702424
v -0.4560583855974119 2.9404698913475653 0.13116658522218605
v -0.4294870059283869 2.591717649427705 -1.3749180191537953
v -0.45560186231533367 2.565527213725239 0.12462593663863314
vt 0.1875 0.5625
vt 0.296875 0.5625
vt 0.296875 0.515625
vt 0.1875 0.515625
vt 0 0.5625
vt 0.1875 0.5625
vt 0.1875 0.515625
vt 0 0.515625
vt 0.484375 0.5625
vt 0.59375 0.5625
vt 0.59375 0.515625
vt 0.484375 0.515625
vt 0.296875 0.5625
vt 0.484375 0.5625
vt 0.484375 0.515625
vt 0.296875 0.515625
vt 0.296875 0.5625
vt 0.1875 0.5625
vt 0.1875 0.75
vt 0.296875 0.75
vt 0.40625 0.75
vt 0.296875 0.75
vt 0.296875 0.5625
vt 0.40625 0.5625
vn 0.0174099042579645 0.01746029046831044 -0.9996959705282856
vn 0.9998476949926537 0.0009133664531234369 0.017428499063307134
vn -0.0174099042579645 -0.01746029046831044 0.9996959705282856
vn -0.9998476949926537 -0.0009133664531234369 -0.017428499063307134
vn -0.0012173954188752312 0.9998471403262025 0.01744172955614108
vn 0.0012173954188752312 -0.9998471403262025 -0.01744172955614108
usemtl m_28b5e50d-9d81-b5ce-fe6f-601ace48ad38
f 164/484/121 167/483/121 165/482/121 162/481/121
f 163/488/122 164/487/122 162/486/122 161/485/122
f 168/492/123 163/491/123 161/490/123 166/489/123
f 167/496/124 168/495/124 166/494/124 165/493/124
f 166/500/125 161/499/125 162/498/125 165/497/125
f 167/504/126 164/503/126 163/502/126 168/501/126