# Made in Blockbench 4.12.6
mtllib Mask-black1.mtl

o Mask-black1
v 0.125 0.5625 -0.012499999999999997
v 0.125 0.5625 -0.0625
v 0.125 0.04375000000000001 -0.012499999999999997
v 0.125 0.04375000000000001 -0.0625
v -0.125 0.5625 -0.0625
v -0.125 0.5625 -0.012499999999999997
v -0.125 0.04375000000000001 -0.0625
v -0.125 0.04375000000000001 -0.012499999999999997
vt 0 1
vt 0.125 1
vt 0.125 0.7421875
vt 0 0.7421875
vt 0.09375 0.71875
vt 0.1171875 0.71875
vt 0.1171875 0.4609375
vt 0.09375 0.4609375
vt 0.125 1
vt 0.25 1
vt 0.25 0.7421875
vt 0.125 0.7421875
vt 0.125 0.71875
vt 0.1484375 0.71875
vt 0.1484375 0.4609375
vt 0.125 0.4609375
vt 0.46875 0.9765625
vt 0.34375 0.9765625
vt 0.34375 1
vt 0.46875 1
vt 0.46875 0.96875
vt 0.34375 0.96875
vt 0.34375 0.9453125
vt 0.46875 0.9453125
vn 0 0 -1
vn 1 0 0
vn 0 0 1
vn -1 0 0
vn 0 1 0
vn 0 -1 0
usemtl m_84ccb513-e652-a6ae-f6db-be5955a79fd9
f 4/4/1 7/3/1 5/2/1 2/1/1
f 3/8/2 4/7/2 2/6/2 1/5/2
f 8/12/3 3/11/3 1/10/3 6/9/3
f 7/16/4 8/15/4 6/14/4 5/13/4
f 6/20/5 1/19/5 2/18/5 5/17/5
f 7/24/6 4/23/6 3/22/6 8/21/6
o Mask-black4
v 0.13383903594067265 0.5625 0.017049491411008928
v 0.169194375 0.5625 -0.01830584764831844
v 0.13383903594067265 0.0625 0.017049491411008928
v 0.169194375 0.0625 -0.01830584764831844
v 0.1250002011758408 0.5625 -0.06250002147247767
v 0.08964486211651343 0.5625 -0.02714468241315028
v 0.1250002011758408 0.0625 -0.06250002147247767
v 0.08964486211651343 0.0625 -0.02714468241315028
vt 0.25 1
vt 0.28125 1
vt 0.28125 0.75
vt 0.25 0.75
vt 0.15625 0.71875
vt 0.1796875 0.71875
vt 0.1796875 0.46875
vt 0.15625 0.46875
vt 0.25 0.75
vt 0.28125 0.75
vt 0.28125 0.5
vt 0.25 0.5
vt 0.1875 0.71875
vt 0.2109375 0.71875
vt 0.2109375 0.46875
vt 0.1875 0.46875
vt 0.46875 0.8515625
vt 0.4375 0.8515625
vt 0.4375 0.875
vt 0.46875 0.875
vt 0.46875 0.84375
vt 0.4375 0.84375
vt 0.4375 0.8203125
vt 0.46875 0.8203125
vn 0.7071067811865476 0 -0.7071067811865475
vn 0.7071067811865475 0 0.7071067811865476
vn -0.7071067811865476 0 0.7071067811865475
vn -0.7071067811865475 0 -0.7071067811865476
vn 0 1 0
vn 0 -1 0
usemtl m_84ccb513-e652-a6ae-f6db-be5955a79fd9
f 12/28/7 15/27/7 13/26/7 10/25/7
f 11/32/8 12/31/8 10/30/8 9/29/8
f 16/36/9 11/35/9 9/34/9 14/33/9
f 15/40/10 16/39/10 14/38/10 13/37/10
f 14/44/11 9/43/11 10/42/11 13/41/11
f 15/48/12 12/47/12 11/46/12 16/45/12
o Mask-black5
v 0.17803278594067265 0.5625 0.06124386641100893
v 0.213388125 0.5625 0.025888527351681567
v 0.17803278594067265 0.09375 0.06124386641100893
v 0.213388125 0.09375 0.025888527351681567
v 0.1691939511758408 0.5625 -0.018305646472477677
v 0.13383861211651343 0.5625 0.0170496925868497
v 0.1691939511758408 0.09375 -0.018305646472477677
v 0.13383861211651343 0.09375 0.0170496925868497
vt 0 0.71875
vt 0.03125 0.71875
vt 0.03125 0.484375
vt 0 0.484375
vt 0.21875 0.71875
vt 0.2421875 0.71875
vt 0.2421875 0.484375
vt 0.21875 0.484375
vt 0.28125 1
vt 0.3125 1
vt 0.3125 0.765625
vt 0.28125 0.765625
vt 0.28125 0.75
vt 0.3046875 0.75
vt 0.3046875 0.515625
vt 0.28125 0.515625
vt 0.46875 0.9140625
vt 0.4375 0.9140625
vt 0.4375 0.9375
vt 0.46875 0.9375
vt 0.46875 0.90625
vt 0.4375 0.90625
vt 0.4375 0.8828125
vt 0.46875 0.8828125
vn 0.7071067811865476 0 -0.7071067811865475
vn 0.7071067811865475 0 0.7071067811865476
vn -0.7071067811865476 0 0.7071067811865475
vn -0.7071067811865475 0 -0.7071067811865476
vn 0 1 0
vn 0 -1 0
usemtl m_84ccb513-e652-a6ae-f6db-be5955a79fd9
f 20/52/13 23/51/13 21/50/13 18/49/13
f 19/56/14 20/55/14 18/54/14 17/53/14
f 24/60/15 19/59/15 17/58/15 22/57/15
f 23/64/16 24/63/16 22/62/16 21/61/16
f 22/68/17 17/67/17 18/66/17 21/65/17
f 23/72/18 20/71/18 19/70/18 24/69/18
o Mask-black5
v 0.191112029633573 0.5625 0.10276523631348096
v 0.2373060062591373 0.5625 0.08363106469522646
v 0.191112029633573 0.125 0.10276523631348096
v 0.2373060062591373 0.125 0.08363106469522646
v 0.21338829173631918 0.5625 0.025888593913271057
v 0.16719431511075486 0.5625 0.04502276553152554
v 0.21338829173631918 0.125 0.025888593913271057
v 0.16719431511075486 0.125 0.04502276553152554
vt 0.03125 0.71875
vt 0.0625 0.71875
vt 0.0625 0.5
vt 0.03125 0.5
vt 0.3125 1
vt 0.3359375 1
vt 0.3359375 0.78125
vt 0.3125 0.78125
vt 0.0625 0.71875
vt 0.09375 0.71875
vt 0.09375 0.5
vt 0.0625 0.5
vt 0.3125 0.78125
vt 0.3359375 0.78125
vt 0.3359375 0.5625
vt 0.3125 0.5625
vt 0.4375 0.6015625
vt 0.40625 0.6015625
vt 0.40625 0.625
vt 0.4375 0.625
vt 0.4375 0.59375
vt 0.40625 0.59375
vt 0.40625 0.5703125
vt 0.4375 0.5703125
vn 0.9238795325112866 0 -0.38268343236508984
vn 0.38268343236508984 0 0.9238795325112866
vn -0.9238795325112866 0 0.38268343236508984
vn -0.38268343236508984 0 -0.9238795325112866
vn 0 1 0
vn 0 -1 0
usemtl m_84ccb513-e652-a6ae-f6db-be5955a79fd9
f 28/76/19 31/75/19 29/74/19 26/73/19
f 27/80/20 28/79/20 26/78/20 25/77/20
f 32/84/21 27/83/21 25/82/21 30/81/21
f 31/88/22 32/87/22 30/86/22 29/85/22
f 30/92/23 25/91/23 26/90/23 29/89/23
f 31/96/24 28/95/24 27/94/24 32/93/24
o Mask-black6
v -0.16719431511075486 0.5625 0.04502276553152554
v -0.21338829173631918 0.5625 0.025888593913271057
v -0.16719431511075486 0.125 0.04502276553152554
v -0.21338829173631918 0.125 0.025888593913271057
v -0.2373060062591373 0.5625 0.08363106469522646
v -0.191112029633573 0.5625 0.10276523631348096
v -0.2373060062591373 0.125 0.08363106469522646
v -0.191112029633573 0.125 0.10276523631348096
vt 0.0625 0.71875
vt 0.03125 0.71875
vt 0.03125 0.5
vt 0.0625 0.5
vt 0.3359375 0.78125
vt 0.3125 0.78125
vt 0.3125 0.5625
vt 0.3359375 0.5625
vt 0.09375 0.71875
vt 0.0625 0.71875
vt 0.0625 0.5
vt 0.09375 0.5
vt 0.3359375 1
vt 0.3125 1
vt 0.3125 0.78125
vt 0.3359375 0.78125
vt 0.40625 0.6015625
vt 0.4375 0.6015625
vt 0.4375 0.625
vt 0.40625 0.625
vt 0.40625 0.59375
vt 0.4375 0.59375
vt 0.4375 0.5703125
vt 0.40625 0.5703125
vn -0.9238795325112866 0 -0.38268343236508984
vn 0.38268343236508984 0 -0.9238795325112866
vn 0.9238795325112866 0 0.38268343236508984
vn -0.38268343236508984 0 0.9238795325112866
vn 0 1 0
vn 0 -1 0
usemtl m_84ccb513-e652-a6ae-f6db-be5955a79fd9
f 36/100/25 39/99/25 37/98/25 34/97/25
f 35/104/26 36/103/26 34/102/26 33/101/26
f 40/108/27 35/107/27 33/106/27 38/105/27
f 39/112/28 40/111/28 38/110/28 37/109/28
f 38/116/29 33/115/29 34/114/29 37/113/29
f 39/120/30 36/119/30 35/118/30 40/117/30
o Mask-black5
v -0.08964486211651343 0.5625 -0.02714468241315028
v -0.1250002011758408 0.5625 -0.06250002147247767
v -0.08964486211651343 0.0625 -0.02714468241315028
v -0.1250002011758408 0.0625 -0.06250002147247767
v -0.169194375 0.5625 -0.01830584764831844
v -0.13383903594067265 0.5625 0.017049491411008928
v -0.169194375 0.0625 -0.01830584764831844
v -0.13383903594067265 0.0625 0.017049491411008928
vt 0.28125 1
vt 0.25 1
vt 0.25 0.75
vt 0.28125 0.75
vt 0.2109375 0.71875
vt 0.1875 0.71875
vt 0.1875 0.46875
vt 0.2109375 0.46875
vt 0.28125 0.75
vt 0.25 0.75
vt 0.25 0.5
vt 0.28125 0.5
vt 0.1796875 0.71875
vt 0.15625 0.71875
vt 0.15625 0.46875
vt 0.1796875 0.46875
vt 0.4375 0.8515625
vt 0.46875 0.8515625
vt 0.46875 0.875
vt 0.4375 0.875
vt 0.4375 0.84375
vt 0.46875 0.84375
vt 0.46875 0.8203125
vt 0.4375 0.8203125
vn -0.7071067811865476 0 -0.7071067811865475
vn 0.7071067811865475 0 -0.7071067811865476
vn 0.7071067811865476 0 0.7071067811865475
vn -0.7071067811865475 0 0.7071067811865476
vn 0 1 0
vn 0 -1 0
usemtl m_84ccb513-e652-a6ae-f6db-be5955a79fd9
f 44/124/31 47/123/31 45/122/31 42/121/31
f 43/128/32 44/127/32 42/126/32 41/125/32
f 48/132/33 43/131/33 41/130/33 46/129/33
f 47/136/34 48/135/34 46/134/34 45/133/34
f 46/140/35 41/139/35 42/138/35 45/137/35
f 47/144/36 44/143/36 43/142/36 48/141/36
o Mask-black6
v -0.13383861211651343 0.5625 0.0170496925868497
v -0.1691939511758408 0.5625 -0.018305646472477677
v -0.13383861211651343 0.09375 0.0170496925868497
v -0.1691939511758408 0.09375 -0.018305646472477677
v -0.213388125 0.5625 0.025888527351681567
v -0.17803278594067265 0.5625 0.06124386641100893
v -0.213388125 0.09375 0.025888527351681567
v -0.17803278594067265 0.09375 0.06124386641100893
vt 0.03125 0.71875
vt 0 0.71875
vt 0 0.484375
vt 0.03125 0.484375
vt 0.3046875 0.75
vt 0.28125 0.75
vt 0.28125 0.515625
vt 0.3046875 0.515625
vt 0.3125 1
vt 0.28125 1
vt 0.28125 0.765625
vt 0.3125 0.765625
vt 0.2421875 0.71875
vt 0.21875 0.71875
vt 0.21875 0.484375
vt 0.2421875 0.484375
vt 0.4375 0.9140625
vt 0.46875 0.9140625
vt 0.46875 0.9375
vt 0.4375 0.9375
vt 0.4375 0.90625
vt 0.46875 0.90625
vt 0.46875 0.8828125
vt 0.4375 0.8828125
vn -0.7071067811865476 0 -0.7071067811865475
vn 0.7071067811865475 0 -0.7071067811865476
vn 0.7071067811865476 0 0.7071067811865475
vn -0.7071067811865475 0 0.7071067811865476
vn 0 1 0
vn 0 -1 0
usemtl m_84ccb513-e652-a6ae-f6db-be5955a79fd9
f 52/148/37 55/147/37 53/146/37 50/145/37
f 51/152/38 52/151/38 50/150/38 49/149/38
f 56/156/39 51/155/39 49/154/39 54/153/39
f 55/160/40 56/159/40 54/158/40 53/157/40
f 54/164/41 49/163/41 50/162/41 53/161/41
f 55/168/42 52/167/42 51/166/42 56/165/42
o Mask-black7
v -0.2653182026815182 0.754448878963864 -0.23382815527443643
v -0.2561652904730628 0.6979937858557227 -0.2590332472253775
v -0.22112402418955202 0.7128294636250958 -0.12455922623109245
v -0.21197111198109664 0.6563743705169544 -0.14976431818203356
v -0.3139077605012783 0.6810814078778669 -0.24212086637066726
v -0.3230606727097337 0.7375365009860082 -0.21691577441972618
v -0.26971358200931217 0.6394619925390985 -0.1328519373273233
v -0.27886649421776755 0.69591708564724 -0.10764684537638222
vt 0.40625 0.6875
vt 0.375 0.6875
vt 0.375 0.625
vt 0.40625 0.625
vt 0.4375 0.875
vt 0.40625 0.875
vt 0.40625 0.8125
vt 0.4375 0.8125
vt 0.4375 0.9375
vt 0.40625 0.9375
vt 0.40625 0.875
vt 0.4375 0.875
vt 0.40625 0.625
vt 0.375 0.625
vt 0.375 0.5625
vt 0.40625 0.5625
vt 0.40625 0.71875
vt 0.4375 0.71875
vt 0.4375 0.75
vt 0.40625 0.75
vt 0.40625 0.71875
vt 0.4375 0.71875
vt 0.4375 0.6875
vt 0.40625 0.6875
vn 0.14644659533528628 -0.9032814897302622 -0.40328147121505775
vn 0.9238795204514484 0.2705980476456933 -0.27059809367536375
vn -0.14644659533528628 0.9032814897302622 0.40328147121505775
vn -0.9238795204514484 -0.2705980476456933 0.27059809367536375
vn -0.3535534279357291 0.33295532271014616 -0.8741514323467519
vn 0.3535534279357291 -0.33295532271014616 0.8741514323467519
usemtl m_84ccb513-e652-a6ae-f6db-be5955a79fd9
f 60/172/43 63/171/43 61/170/43 58/169/43
f 59/176/44 60/175/44 58/174/44 57/173/44
f 64/180/45 59/179/45 57/178/45 62/177/45
f 63/184/46 64/183/46 62/182/46 61/181/46
f 62/188/47 57/187/47 58/186/47 61/185/47
f 63/192/48 60/191/48 59/190/48 64/189/48
o Mask-black7
v -0.22082199003343406 0.7103929821760342 -0.1257455792038932
v -0.23271653665404796 0.6871107092715512 -0.18251445737751235
v -0.16115102564792844 0.5418944263158473 -0.06914290539483044
v -0.17304557226854234 0.5186121534113641 -0.1259117835684496
v -0.2907608720610013 0.672635026256992 -0.16441584614827423
v -0.2788663254403874 0.6959172991614752 -0.10764696797465509
v -0.2310899076754957 0.504136470396805 -0.10781317233921148
v -0.2191953610548818 0.5274187433012881 -0.051044294165592335
vt 0.375 0.9375
vt 0.34375 0.9375
vt 0.34375 0.84375
vt 0.375 0.84375
vt 0.375 0.65625
vt 0.34375 0.65625
vt 0.34375 0.5625
vt 0.375 0.5625
vt 0.375 0.75
vt 0.34375 0.75
vt 0.34375 0.65625
vt 0.375 0.65625
vt 0.375 0.84375
vt 0.34375 0.84375
vt 0.34375 0.75
vt 0.375 0.75
vt 0.40625 0.65625
vt 0.4375 0.65625
vt 0.4375 0.6875
vt 0.40625 0.6875
vt 0.40625 0.65625
vt 0.4375 0.65625
vt 0.4375 0.625
vt 0.40625 0.625
vn -0.19031274592982214 -0.3725163664717305 -0.9083020507779064
vn 0.928709366511254 0.23161092823294616 -0.2895777796678097
vn 0.19031274592982214 0.3725163664717305 0.9083020507779064
vn -0.928709366511254 -0.23161092823294616 0.2895777796678097
vn -0.31824514338936327 0.8986589645876641 -0.30188092698166796
vn 0.31824514338936327 -0.8986589645876641 0.30188092698166796
usemtl m_84ccb513-e652-a6ae-f6db-be5955a79fd9
f 68/196/49 71/195/49 69/194/49 66/193/49
f 67/200/50 68/199/50 66/198/50 65/197/50
f 72/204/51 67/203/51 65/202/51 70/201/51
f 71/208/52 72/207/52 70/206/52 69/205/52
f 70/212/53 65/211/53 66/210/53 69/209/53
f 71/216/54 68/215/54 67/214/54 72/213/54
o Mask-black6
v -0.18250070268151816 0.577503878963864 -0.09952065527443638
v -0.17334779047306276 0.5210487858557227 -0.12472574722537749
v -0.13830652418955203 0.5358844636250958 0.009748273768907606
v -0.12915361198109665 0.4794293705169544 -0.015456818182033497
v -0.2310902605012783 0.5041364078778668 -0.10781336637066724
v -0.24024317270973367 0.5605915009860082 -0.08260827441972612
v -0.18689608200931215 0.46251699253909856 0.0014555626726767273
v -0.19604899421776753 0.51897208564724 0.02666065462361783
vt 0.40625 0.9375
vt 0.375 0.9375
vt 0.375 0.875
vt 0.40625 0.875
vt 0.40625 0.75
vt 0.375 0.75
vt 0.375 0.6875
vt 0.40625 0.6875
vt 0.40625 0.8125
vt 0.375 0.8125
vt 0.375 0.75
vt 0.40625 0.75
vt 0.40625 0.875
vt 0.375 0.875
vt 0.375 0.8125
vt 0.40625 0.8125
vt 0.40625 0.78125
vt 0.4375 0.78125
vt 0.4375 0.8125
vt 0.40625 0.8125
vt 0.40625 0.78125
vt 0.4375 0.78125
vt 0.4375 0.75
vt 0.40625 0.75
vn 0.14644659533528628 -0.9032814897302622 -0.40328147121505775
vn 0.9238795204514484 0.2705980476456933 -0.27059809367536375
vn -0.14644659533528628 0.9032814897302622 0.40328147121505775
vn -0.9238795204514484 -0.2705980476456933 0.27059809367536375
vn -0.3535534279357291 0.33295532271014616 -0.8741514323467519
vn 0.3535534279357291 -0.33295532271014616 0.8741514323467519
usemtl m_84ccb513-e652-a6ae-f6db-be5955a79fd9
f 76/220/55 79/219/55 77/218/55 74/217/55
f 75/224/56 76/223/56 74/222/56 73/221/56
f 80/228/57 75/227/57 73/226/57 78/225/57
f 79/232/58 80/231/58 78/230/58 77/229/58
f 78/236/59 73/235/59 74/234/59 77/233/59
f 79/240/60 76/239/60 75/238/60 80/237/60
o Mask-black8
v 0.3230606727097337 0.7375365009860082 -0.21691577441972618
v 0.3139077605012783 0.6810814078778669 -0.24212086637066726
v 0.27886649421776755 0.69591708564724 -0.10764684537638222
v 0.26971358200931217 0.6394619925390985 -0.1328519373273233
v 0.2561652904730628 0.6979937858557227 -0.2590332472253775
v 0.2653182026815182 0.754448878963864 -0.23382815527443643
v 0.21197111198109664 0.6563743705169544 -0.14976431818203356
v 0.22112402418955202 0.7128294636250958 -0.12455922623109245
vt 0.375 0.6875
vt 0.40625 0.6875
vt 0.40625 0.625
vt 0.375 0.625
vt 0.375 0.625
vt 0.40625 0.625
vt 0.40625 0.5625
vt 0.375 0.5625
vt 0.40625 0.9375
vt 0.4375 0.9375
vt 0.4375 0.875
vt 0.40625 0.875
vt 0.40625 0.875
vt 0.4375 0.875
vt 0.4375 0.8125
vt 0.40625 0.8125
vt 0.4375 0.71875
vt 0.40625 0.71875
vt 0.40625 0.75
vt 0.4375 0.75
vt 0.4375 0.71875
vt 0.40625 0.71875
vt 0.40625 0.6875
vt 0.4375 0.6875
vn -0.14644659533528628 -0.9032814897302622 -0.40328147121505775
vn 0.9238795204514484 -0.2705980476456933 0.27059809367536375
vn 0.14644659533528628 0.9032814897302622 0.40328147121505775
vn -0.9238795204514484 0.2705980476456933 -0.27059809367536375
vn 0.3535534279357291 0.33295532271014616 -0.8741514323467519
vn -0.3535534279357291 -0.33295532271014616 0.8741514323467519
usemtl m_84ccb513-e652-a6ae-f6db-be5955a79fd9
f 84/244/61 87/243/61 85/242/61 82/241/61
f 83/248/62 84/247/62 82/246/62 81/245/62
f 88/252/63 83/251/63 81/250/63 86/249/63
f 87/256/64 88/255/64 86/254/64 85/253/64
f 86/260/65 81/259/65 82/258/65 85/257/65
f 87/264/66 84/263/66 83/262/66 88/261/66
o Mask-black8
v 0.2788663254403874 0.6959172991614752 -0.10764696797465509
v 0.2907608720610013 0.672635026256992 -0.16441584614827423
v 0.2191953610548818 0.5274187433012881 -0.051044294165592335
v 0.2310899076754957 0.504136470396805 -0.10781317233921148
v 0.23271653665404796 0.6871107092715512 -0.18251445737751235
v 0.22082199003343406 0.7103929821760342 -0.1257455792038932
v 0.17304557226854234 0.5186121534113641 -0.1259117835684496
v 0.16115102564792844 0.5418944263158473 -0.06914290539483044
vt 0.34375 0.9375
vt 0.375 0.9375
vt 0.375 0.84375
vt 0.34375 0.84375
vt 0.34375 0.84375
vt 0.375 0.84375
vt 0.375 0.75
vt 0.34375 0.75
vt 0.34375 0.75
vt 0.375 0.75
vt 0.375 0.65625
vt 0.34375 0.65625
vt 0.34375 0.65625
vt 0.375 0.65625
vt 0.375 0.5625
vt 0.34375 0.5625
vt 0.4375 0.65625
vt 0.40625 0.65625
vt 0.40625 0.6875
vt 0.4375 0.6875
vt 0.4375 0.65625
vt 0.40625 0.65625
vt 0.40625 0.625
vt 0.4375 0.625
vn 0.19031274592982214 -0.3725163664717305 -0.9083020507779064
vn 0.928709366511254 -0.23161092823294616 0.2895777796678097
vn -0.19031274592982214 0.3725163664717305 0.9083020507779064
vn -0.928709366511254 0.23161092823294616 -0.2895777796678097
vn 0.31824514338936327 0.8986589645876641 -0.30188092698166796
vn -0.31824514338936327 -0.8986589645876641 0.30188092698166796
usemtl m_84ccb513-e652-a6ae-f6db-be5955a79fd9
f 92/268/67 95/267/67 93/266/67 90/265/67
f 91/272/68 92/271/68 90/270/68 89/269/68
f 96/276/69 91/275/69 89/274/69 94/273/69
f 95/280/70 96/279/70 94/278/70 93/277/70
f 94/284/71 89/283/71 90/282/71 93/281/71
f 95/288/72 92/287/72 91/286/72 96/285/72
o Mask-black7
v 0.24024317270973367 0.5605915009860082 -0.08260827441972612
v 0.2310902605012783 0.5041364078778668 -0.10781336637066724
v 0.19604899421776753 0.51897208564724 0.02666065462361783
v 0.18689608200931215 0.46251699253909856 0.0014555626726767273
v 0.17334779047306276 0.5210487858557227 -0.12472574722537749
v 0.18250070268151816 0.577503878963864 -0.09952065527443638
v 0.12915361198109665 0.4794293705169544 -0.015456818182033497
v 0.13830652418955203 0.5358844636250958 0.009748273768907606
vt 0.375 0.9375
vt 0.40625 0.9375
vt 0.40625 0.875
vt 0.375 0.875
vt 0.375 0.875
vt 0.40625 0.875
vt 0.40625 0.8125
vt 0.375 0.8125
vt 0.375 0.8125
vt 0.40625 0.8125
vt 0.40625 0.75
vt 0.375 0.75
vt 0.375 0.75
vt 0.40625 0.75
vt 0.40625 0.6875
vt 0.375 0.6875
vt 0.4375 0.78125
vt 0.40625 0.78125
vt 0.40625 0.8125
vt 0.4375 0.8125
vt 0.4375 0.78125
vt 0.40625 0.78125
vt 0.40625 0.75
vt 0.4375 0.75
vn -0.14644659533528628 -0.9032814897302622 -0.40328147121505775
vn 0.9238795204514484 -0.2705980476456933 0.27059809367536375
vn 0.14644659533528628 0.9032814897302622 0.40328147121505775
vn -0.9238795204514484 0.2705980476456933 -0.27059809367536375
vn 0.3535534279357291 0.33295532271014616 -0.8741514323467519
vn -0.3535534279357291 -0.33295532271014616 0.8741514323467519
usemtl m_84ccb513-e652-a6ae-f6db-be5955a79fd9
f 100/292/73 103/291/73 101/290/73 98/289/73
f 99/296/74 100/295/74 98/294/74 97/293/74
f 104/300/75 99/299/75 97/298/75 102/297/75
f 103/304/76 104/303/76 102/302/76 101/301/76
f 102/308/77 97/307/77 98/306/77 101/305/77
f 103/312/78 100/311/78 99/310/78 104/309/78